3 2 2
5 10 1
5 13 1
8 7 1
14 356 1
17 16 1
19 18 3
19 20 3
19 21 3
19 22 1
23 0 2
23 16 1
23 17 1
23 48 2
23 72 1
23 75 2
23 84 2
23 116 2
23 143 1
23 151 2
23 152 2
23 164 2
23 171 2
23 176 2
23 202 2
23 217 2
23 242 2
23 285 2
23 357 2
29 24 2
29 25 2
29 26 2
29 27 2
29 28 2
29 57 2
39 38 2
42 41 1
45 46 1
45 47 1
48 49 2
52 50 2
52 51 2
54 53 1
55 56 1
55 128 1
58 364 1
58 368 1
63 64 1
63 92 1
63 102 1
63 195 1
63 264 2
63 340 1
63 355 1
63 381 2
63 406 1
65 4 1
65 12 1
65 15 1
65 18 1
65 19 1
65 20 1
65 21 1
65 22 1
65 55 1
65 56 1
65 59 1
65 62 1
65 71 2
65 82 1
65 84 2
65 85 2
65 86 3
65 94 1
65 95 1
65 111 1
65 117 2
65 128 1
65 135 1
65 143 1
65 149 1
65 150 1
65 153 1
65 154 3
65 156 1
65 165 1
65 166 1
65 168 1
65 171 1
65 172 1
65 173 1
65 175 1
65 176 1
65 179 1
65 181 1
65 209 1
65 216 1
65 232 1
65 233 2
65 234 1
65 236 1
65 237 1
65 238 3
65 240 1
65 245 1
65 246 1
65 255 1
65 270 1
65 271 1
65 287 3
65 289 2
65 308 3
65 312 3
65 318 3
65 336 3
65 338 1
65 345 3
65 351 1
65 361 2
65 362 1
65 369 1
65 373 1
65 382 3
65 387 1
65 388 1
65 390 1
65 414 3
65 416 1
67 66 1
68 185 1
68 192 1
73 74 1
76 77 1
76 78 1
76 79 1
76 80 1
76 368 1
81 86 2
81 286 2
81 287 2
81 308 2
81 345 2
81 382 3
81 388 2
87 86 2
87 287 2
87 382 2
89 283 1
89 345 2
93 94 1
96 95 2
110 290 1
110 291 1
112 290 1
113 114 2
113 400 2
113 401 2
118 115 1
118 116 2
118 117 2
118 203 2
118 395 2
122 121 1
126 119 1
126 197 1
126 200 1
135 130 1
135 131 1
135 134 1
135 136 1
135 139 1
135 140 1
135 141 1
136 131 1
136 132 1
136 133 1
136 134 1
136 137 1
136 138 1
136 139 1
136 140 1
136 141 1
136 264 1
136 367 1
136 381 1
142 4 1
142 15 1
142 23 1
142 43 1
142 55 1
142 72 2
142 75 2
142 85 1
142 88 1
142 120 1
142 143 1
142 145 1
142 171 1
142 200 1
142 202 2
142 272 1
142 273 1
142 276 2
142 280 1
142 285 2
142 351 2
142 369 1
147 0 2
147 6 2
147 146 2
147 202 1
147 309 1
147 318 3
147 326 2
150 149 1
153 59 2
153 109 2
153 122 2
153 123 2
153 124 2
153 125 2
153 127 2
153 357 2
153 374 2
155 154 2
155 156 2
156 255 2
157 158 2
159 161 3
160 161 2
163 164 1
168 170 3
168 267 1
174 171 2
174 172 2
174 173 2
174 175 2
180 107 2
180 179 2
180 181 2
187 186 1
189 0 1
189 56 2
189 57 3
189 91 1
189 106 1
189 143 1
189 164 1
189 170 3
189 190 2
189 197 1
189 200 1
189 272 1
189 273 1
189 285 2
189 290 2
189 291 3
189 292 2
189 295 2
189 314 1
189 357 2
189 369 1
192 55 2
192 135 1
192 136 1
192 278 1
192 294 1
192 332 1
192 365 2
196 197 2
198 422 1
203 0 2
203 4 2
207 205 1
213 212 1
215 216 2
219 218 1
222 307 2
222 333 2
222 334 2
222 347 2
222 363 2
222 366 2
222 393 2
222 396 2
222 397 2
222 398 2
222 399 2
227 161 1
227 177 1
227 206 1
227 211 3
227 223 2
227 224 2
227 231 2
227 290 2
227 291 1
227 293 2
227 294 1
227 350 2
227 352 1
227 365 1
229 228 1
229 369 1
233 238 2
237 232 1
237 234 1
237 235 1
237 236 1
237 239 1
241 144 1
241 152 1
241 277 1
241 357 1
241 423 1
246 245 1
251 247 2
251 248 2
251 249 2
251 252 2
252 178 1
252 247 1
252 250 1
257 256 1
258 237 2
258 240 2
258 317 2
258 318 2
261 260 2
267 162 2
267 325 1
269 268 2
269 306 2
270 167 3
270 240 2
270 271 2
274 6 2
274 55 2
274 85 2
274 88 2
274 120 1
274 143 2
274 145 2
274 272 1
274 273 1
274 280 1
274 284 1
274 285 1
274 375 2
279 278 1
282 4 1
282 6 1
282 12 1
282 13 1
282 17 1
282 63 1
282 91 1
282 148 1
282 210 1
282 275 1
282 278 1
282 294 1
282 296 1
282 312 1
292 66 1
292 67 1
292 117 2
292 135 2
292 290 1
292 291 3
298 9 1
298 91 1
298 182 1
298 210 1
304 302 1
304 303 1
304 305 1
304 316 1
315 314 1
324 61 2
324 70 2
324 161 2
324 169 2
324 178 2
324 184 2
324 313 2
324 319 2
324 320 2
324 321 2
324 322 2
324 323 2
324 327 2
324 328 2
324 360 2
324 411 2
330 329 2
331 148 1
331 403 1
337 336 1
337 338 1
339 40 1
339 152 1
339 154 2
339 208 1
339 241 1
339 243 1
339 277 1
339 357 1
339 409 1
339 410 1
339 412 1
339 423 1
342 341 2
344 69 1
344 83 1
344 97 1
344 98 1
344 99 1
344 100 1
344 101 1
344 102 1
344 103 1
344 104 1
344 105 1
344 129 1
344 195 1
344 214 1
344 226 1
344 244 1
344 281 1
344 297 1
344 335 1
344 343 1
344 345 1
344 355 1
344 394 1
344 406 1
345 60 1
345 90 1
345 183 1
345 188 1
345 193 1
345 194 1
345 201 1
345 225 1
345 262 1
345 263 1
346 45 1
346 84 1
346 119 1
346 126 1
346 168 1
346 170 1
346 196 1
346 199 1
346 267 1
346 288 1
346 314 1
346 349 1
346 422 1
349 348 2
358 359 1
359 1 1
359 144 1
359 152 1
359 277 1
359 357 1
359 423 1
370 369 1
376 375 1
378 377 2
380 35 2
380 36 2
380 266 2
380 379 2
385 33 2
385 34 2
385 36 2
385 37 2
385 266 1
385 383 2
385 384 3
389 390 1
391 392 2
401 392 2
405 404 1
408 407 1
413 6 1
413 11 1
413 12 3
413 30 1
413 31 1
413 32 1
413 44 1
413 220 1
413 221 1
413 230 1
413 253 1
413 254 1
413 283 1
413 299 1
413 300 1
413 301 1
413 310 1
413 311 1
413 312 1
413 351 1
413 353 1
413 354 1
413 371 1
413 372 1
413 386 1
413 402 1
415 416 2
417 421 2
418 84 1
418 85 1
418 145 1
420 419 1